433.98
162.6
489.49
147.87
484.96
130.2
492.05
277.17
252.71
246.46
181.59
124.06
199.58
415.41
202.37
478.26
424.31
322.42
400.37
386.78
373.3
132.68
237.58
201.88
415.95
248.98
254.39
208.98
189.52
391.03
274.91
319.53
304.97
221.86
206.03
206.14
323.33
129.82
414.58
313.54
123.27
236.69
211.8
322.18
128.55
134.06
435.32
209.12
324.63
247.7
392.34
337.81
205.27
387.36
341.59
369.28
403.11
303.59
136.12
415.9
121.57
203.67
233.81
187.71
439.83
325.65
298.4
426.53
435.32
434.93
226.87
323.02
125.18
492.97
207.33
403.75
143.72
375.55
329.95
204.0
213.11
206.2
205.28
151.31
323.83
449.31
221.34
216.48
187.71
232.24
237.75
273.36
377.94
196.52
313.78
326.92
410.46
256.14
326.37
320.17
832.6
1409.39
906.63
1805.91
1232.98
644.11
990.09
1465.46
857.88
1412.54
732.4
1552.24
1478.8
1666.1
1607.1
1481.04
818.44
734.45
1258.58
828.52
1486.01
1713.52
888.7
1136.29
783.96
1714.86
853.28
845.09
630.45
813.0
1481.85
989.38
998.22
871.86
1396.18
777.91
1120.35
1478.96
1441.29
871.69
585.11
921.31
1053.82
829.41
985.85
1456.24
1668.7
1514.05
883.64
1474.41
872.88
1528.39
1017.11
1455.49
1342.07
724.55
1208.51
1243.48
774.51
739.35
1367.79
597.08
1217.78
960.75
1479.58
1455.32
835.83
861.76
1535.43
444.75
741.27
937.96
860.62
1159.43
1275.42
1429.6
1684.5
843.47
747.22
690.14
1515.08
1339.52
737.91
1756.82
975.7
1097.81
841.74
879.04
765.08
1457.64
1570.4
1273.17
976.3
572.74
492.46
1195.63
1007.98
682.61
695.02
913.92
1880.3
1586.11
1552.29
923.65
1549.73
1968.38
1212.84
944.14
1209.02
1736.25
1581.78
1468.53
1556.23
1161.89
1721.59
1778.47
1558.0
1069.9
2007.38
1645.18
1006.63
1393.36
1914.46
1782.72
1687.94
1452.84
1279.46
1718.27
973.24
1645.19
633.75
1558.18
1141.45
1620.79
1093.57
1749.15
1236.55
1625.73
1619.14
1601.94
1157.37
1543.15
762.64
1424.36
1712.13
1729.0
2069.65
1785.49
1470.78
1629.59
1322.04
1226.41
1972.84
1591.47
1937.22
1130.41
1521.44
892.54
1557.09
1245.62
1529.0
1704.95
1727.27
1339.8
1593.39
1726.86
1732.14
1195.94
1455.81
1928.35
1573.88
1826.21
1391.01
1218.45
963.1
929.78
1899.59
1474.46
1531.68
931.12
1977.05
1098.43
1523.31
1948.58
1232.81
2006.32
1811.69
853.92
1627.06
1192.34
2020.13
1859.85
2153.07
1939.17
1118.43
1477.25
890.6
1826.14
1755.69
1666.74
1410.12
1046.34
1369.34
779.7
1427.75
825.39
1037.28
1507.02
1381.69
1503.97
1179.48
1290.83
1227.43
1277.21
1201.06
862.02
1037.84
697.02
1100.14
1030.91
1469.04
854.14
748.88
1331.82
1588.71
1123.24
1314.65
1340.23
1160.73
785.31
624.24
676.71
645.56
2068.08
1332.41
759.22
774.95
670.98
940.04
1064.8
704.84
845.81
1305.61
1412.02
998.94
1145.99
1337.14
668.24
1164.18
1139.34
1704.47
1079.72
644.04
1130.34
632.07
753.77
1308.59
1267.77
622.97
754.86
761.41
1086.42
1945.28
1280.53
663.44
1745.01
1476.99
891.07
769.43
1198.84
1051.89
1088.81
1317.05
1215.05
1315.57
1068.18
1391.59
632.38
757.69
1159.5
767.58
944.95
1342.96
639.81
1123.47
731.26
2037.34
550.64
723.77
1465.76
669.68
944.3
652.97
1390.5
1629.4
1134.73
1224.21
828.76
1115.65
1608.01
967.5
691.31
820.55
992.05
661.96
549.29
978.25
905.79
503.42
1158.36
662.72
1241.93
769.92
974.2
712.8
657.52
1170.11
557.48
1414.13
519.6
1129.59
528.15
802.54
836.83
684.9
867.47
1223.39
669.9
428.02
1292.32
430.7
756.19
1099.88
1111.7
668.32
1587.67
914.16
860.08
776.18
1149.88
991.21
865.72
518.98
635.18
565.97
1110.67
629.34
876.41
1031.97
689.99
267.15
246.63
281.32
730.74
1138.04
502.9
1109.01
755.44
485.41
901.58
827.85
775.2
1037.99
587.92
1225.85
467.14
871.0
1130.68
1273.41
323.39
771.85
788.55
1243.4
1073.99
730.19
798.62
1247.36
1021.21
802.33
266.98
626.26
709.43
257.98
333.06
724.65
652.28
1247.68
921.66
790.68
1013.98
589.99
632.98
242.76
753.04
197.55
336.38
1260.41
683.87
805.04
755.02
1064.14
946.77
644.38
251.78
1064.58
224.27
800.41
541.4
964.22
633.16
1022.54
775.16
602.24
497.44
247.83
979.1
732.5
1232.62
1020.18
469.62
1023.76
775.95
1235.39
488.21
639.12
546.58
624.65
801.87
790.13
359.25
665.64
1125.76
778.27
635.12
291.01
801.34
952.98
300.34
1028.42
626.54
818.7
1241.1
685.33
297.36
484.04
352.6
1141.67
982.72
253.36
802.23
1530.87
1188.95
1309.2
1409.64
1160.59
505.18
638.75
726.83
1074.54
1494.0
723.58
1389.89
950.32
690.19
1497.18
770.22
746.13
637.71
971.65
1336.54
632.31
608.18
841.33
1570.14
1276.27
767.02
1486.99
637.34
1294.17
634.64
577.54
1131.11
637.6
633.31
804.47
1534.02
1300.06
934.01
1117.2
1250.89
1486.71
808.29
1073.4
1504.92
787.64
1481.65
1298.86
1220.98
697.85
1286.42
1451.74
701.27
1557.33
1362.94
624.92
1449.62
820.73
610.74
735.48
1483.97
843.3
805.49
1176.74
1544.63
1493.03
714.13
1117.94
1038.61
1372.69
630.53
1524.76
505.24
1381.82
526.95
862.87
1293.55
1300.39
692.0
1472.44
1037.48
745.06
682.03
696.09
1524.6
872.03
681.67
1534.43
1419.55
807.09
1510.19
567.15
763.23
680.79
1073.51
943.69
1144.36
659.52
1278.36
1337.84
800.64
1910.73
2087.5
1999.24
1966.21
1803.65
1970.66
1951.39
1953.3
2017.71
1937.18
2007.26
1949.04
1474.78
1924.41
1921.84
1930.83
1794.3
2063.6
1852.55
1801.03
1757.37
1474.07
2144.98
1947.94
2053.4
1872.82
1892.74
2105.11
1717.56
1941.96
1755.44
1841.62
1917.28
1875.81
2026.23
1729.05
1756.78
1918.05
1871.88
1773.74
1886.21
1991.07
1877.65
1715.1
1711.01
1886.54
1913.87
1726.61
2184.64
2078.38
1850.46
1940.8
1864.28
1945.34
1920.2
1863.82
1986.09
2173.82
1820.99
1926.65
1793.86
1882.74
1832.41
1914.82
1958.61
1829.23
1946.14
1867.59
1975.17
1761.83
2173.82
2035.15
1856.0
1912.7
1915.49
2071.54
1888.94
1983.33
1965.69
1825.42
1998.15
1849.09
1977.83
1868.55
1997.58
1952.22
1822.4
1856.18
1840.17
2015.63
1809.62
1884.3
2162.05
1812.76
1992.2
1776.66
1877.53
2043.09
1757.2
1881.82
1352.15
1199.59
933.29
1781.97
1448.72
723.24
1163.41
1344.08
562.72
1198.42
2156.64
1539.46
1855.84
1759.28
1567.52
1929.79
1666.62
1802.32
1772.23
1347.12
1379.65
2195.25
1717.62
1775.96
1484.54
1403.96
1636.15
858.8
1950.25
1361.86
1672.68
1555.65
1793.37
997.35
1399.06
2101.28
605.27
1842.92
1716.6
407.71
1895.97
2015.35
1178.08
690.97
1333.14
1651.51
1905.58
719.23
1598.11
1436.73
1515.87
1448.46
1240.43
2128.21
1595.36
1032.0
1579.33
1963.0
1049.03
1830.9
1202.42
1114.45
888.2
165.16
1338.91
1311.69
1115.36
1927.44
1409.81
841.39
1654.77
1379.11
1382.17
428.0
1510.23
1608.32
1561.53
1488.62
634.29
1628.23
1247.14
927.79
1482.64
1875.76
652.79
1615.46
1506.15
1706.42
937.81
1725.7
2181.47
889.5
1399.1
1303.04
1579.35
1758.29
1769.58
1304.3
1124.87
1127.14
1395.42
1843.8
1519.59
1780.54
1872.61
1822.96
1836.72
1856.29
1332.32
1450.32
1343.07
845.91
1125.22
1446.0
1452.68
1270.79
1513.19
1417.53
1461.64
1607.22
919.94
1667.11
1824.04
1235.61
1287.29
2151.8
1115.02
1619.37
1365.03
1854.37
508.32
1480.07
1407.24
1096.09
615.9
1498.15
1229.2
1140.38
1699.54
1184.97
935.4
1360.41
763.39
1763.11
1120.35
1938.96
1929.44
1106.88
797.86
1740.7
1674.4
1600.06
1857.69
2158.29
1475.54
732.68
1670.73
610.38
1434.87
1935.2
1893.48
774.84
735.64
1387.38
1582.58
1253.92
790.46
1416.55
1452.51
2016.94
1712.36
1904.11
974.55
1700.13
982.69
1436.6
1809.44
1887.78
1654.26
1690.84
856.47
1827.93
1953.58
1570.42
1619.99
1360.25
580.57
943.33
788.78
1456.73
1937.54
1966.29
1390.86
1487.39
1192.91
1523.69
1737.46
1570.94
1352.05
1532.49
1581.19
1374.01
1823.47
1522.77
1086.89
1645.89
1393.9
1488.17
1568.14
1931.78
1498.54
1680.48
1716.13
1491.92
1583.65
2173.36
1846.94
1991.97
1504.15
955.02
1121.21
2186.86
1890.79
1932.31
1358.91
1605.88
908.43
486.52
1466.39
1594.14
1105.64
1065.02
1164.2
1884.66
2000.32
1627.81
1671.95
1934.58
1979.06
1785.7
1562.56
1663.95
1946.79
1482.33
2011.06
1393.69
1314.36
1837.08
1741.04
1854.94
561.36
639.41
1934.42
1587.08
1782.17
2115.31
1631.76
1931.42
1620.75
2007.39
1217.67
1811.15
854.08
1505.18
1664.16
1576.3
1219.08
1513.16
999.02
1972.47
1594.8
874.14
1572.01
1767.31
824.52
1247.62
1653.16
1803.48
1802.89
919.67
1092.89
803.41
971.44
1481.18
1281.49
697.69
1762.19
1110.57
1084.69
1797.84
1531.5
1046.68
1806.32
1239.02
1064.12
1605.22
600.24
1328.24
1244.03
1667.65
753.41
1260.73
1040.74
1896.84
1459.39
1468.63
1614.38
1707.4
854.63
2020.93
1700.06
1124.75
990.39
1682.5
1551.44
1173.54
1724.59
1740.96
1653.15
1663.75
1500.7
1765.19
907.86
1368.68
1168.94
1620.52
1231.97
1635.23
1874.72
922.1
1492.01
1275.67
1590.45
1693.78
1302.91
646.12
1214.8
1907.06
1632.38
951.67
1823.46
1388.62
1213.26
1829.33
1494.44
1447.66
575.91
1056.85
1846.98
1585.64
961.33
937.53
1946.69
1127.93
1295.4
1705.43
1615.84
1471.35
816.42
1723.5
1527.91
1784.52
1810.34
1373.66
1490.28
1550.28
1954.88
849.57
1682.94
1622.6
1598.42
1397.2
1776.04
753.96
1653.16
1420.45
1914.86
1946.07
1527.79
1666.71
1468.0
1798.39
1681.87
943.55
1068.75
1264.77
1240.05
1471.36
1804.37
2108.01
1507.07
1259.83
1250.73
1196.41
1530.7
1122.68
1989.47
1734.08
1790.63
1252.33
1639.14
1598.23
278.0
2243.24
1378.16
1608.01
1635.85
1877.85
1844.46
927.81
659.94
1265.4
693.79
1785.77
1794.55
1967.09
432.22
1427.5
1728.06
1576.36
1562.94
1530.27
1172.63
1757.05
1117.67
1603.94
1679.47
1576.15
1966.25
1661.73
805.33
1562.96
640.83
1568.45
1772.19
1810.83
878.55
1443.25
1208.72
957.56
1647.85
984.48
1660.27
1706.31
1641.82
1959.77
1815.85
1483.56
1221.25
1121.86
1685.45
1221.66
1614.37
1528.16
657.33
1151.41
1250.47
985.02
1793.13
1325.81
1986.13
556.83
1821.31
1468.45
1876.77
1637.52
299.62
868.61
1761.56
637.36
1185.4
1465.37
1483.64
1696.74
1401.9
1789.36
1364.27
1804.68
776.75
1504.91
1504.46
1240.59
1575.81
1600.46
1641.71
494.67
1123.89
786.84
1573.73
1548.99
1035.6
1273.55
843.82
1065.14
1073.37
1571.83
1905.37
1887.73
1915.37
1343.09
1957.37
1803.23
1022.75
1228.91
795.86
1063.5
1489.58
1125.24
1820.38
1778.94
1490.87
718.17
1432.71
1241.44
1762.78
1717.7
1872.74
1142.84
1781.19
878.55
1509.75
1316.13
1104.31
1724.74
1361.43
1602.07
1730.2
935.41
1280.59
1534.93
702.51
1654.95
1357.86
890.48
1955.06
1500.17
2121.88
1235.31
474.13
1055.29
1519.16
1860.9
1768.01
1699.0
1319.23
1431.33
1635.76
1626.23
1397.14
1469.14
1913.73
1378.52
1612.66
1429.6
1694.25
1811.52
1794.36
1787.1
1308.72
1070.01
1187.73
1477.3
1570.44
967.81
1809.72
1568.57
763.77
1518.76
2017.64
1501.67
1213.23
1019.41
1533.93
1281.46
876.66
1394.49
901.49
1425.81
1188.99
1358.57
1636.21
1222.95
1272.98
1243.22
1230.33
1503.79
1716.76
741.67
1726.15
1101.58
430.37
1315.86
958.37
1490.85
1124.77
1647.27
1233.25
1385.51
1051.63
1745.25
1030.32
1617.59
1213.88
1652.46
1929.43
2169.76
1671.5
1351.71
644.47
1779.45
1491.0
1479.86
1396.7
1549.51
1857.13
1479.54
1498.17
1476.02
1094.51
1987.45
1835.99
1911.53
1029.97
1411.64
1541.56
1627.75
1445.3
605.62
1834.76
1475.9
1747.85
1415.26
885.61
1718.28
1824.86
1346.12
1952.55
1545.31
1615.15
814.62
1500.33
2123.62
1421.95
1682.48
1915.95
1780.8
1514.1
1906.84
1514.09
1528.56
1557.29
1527.36
1453.95
2116.69
899.65
757.81
1878.5
1483.03
1256.36
391.95
1349.86
799.13
942.88
1906.28
970.7
1488.12
1747.0
1753.81
1359.02
1943.92
1339.64
1196.76
1194.81
1737.88
1555.41
1660.47
1588.2
1412.74
1097.31
1517.66
1525.68
1259.95
1468.86
1685.48
1470.49
1170.16
1679.85
1392.88
1614.84
1717.33
1021.3
1925.04
1464.19
1785.8
1058.87
1987.67
1600.32
1930.24
1336.15
1091.27
1888.02
1767.02
1490.28
1000.76
1409.37
1793.53
1548.85
1586.79
1343.36
359.67
1638.81
768.24
970.6
1199.02
2195.82
1295.6
1449.31
1688.25
948.38
659.23
1293.65
1537.63
1442.01
1581.33
950.29
1118.46
1290.27
1538.66
1457.96
1348.32
1832.19
1500.31
1198.15
851.65
1520.5
1779.59
1512.27
1327.7
1501.8
690.42
1449.9
1100.74
879.79
1332.44
1542.13
1582.14
1853.19
1201.55
1740.45
823.06
1635.73
1904.23
1099.75
1966.89
1234.18
1978.49
759.03
632.85
1497.51
1120.78
1799.28
1261.15
1798.85
1608.48
1462.14
1597.15
1210.17
818.25
1779.04
1746.8
549.84
1202.62
814.3
1108.08
906.29
1488.03
1477.65
1533.95
2073.47
673.7
672.86
515.05
1285.71
1078.54
1569.57
922.08
2197.05
1613.66
316.19
1545.6
1023.8
604.24
1235.97
1463.78
806.71
1776.03
1808.82
1650.69
800.21
388.68
1523.44
1038.22
1374.19
1515.01
1202.73
1656.98
435.33
668.05
1676.7
1689.56
667.41
920.54
1130.44
1461.61
1462.55
1302.76
1708.57
313.66
1341.7
838.03
1550.51
1623.39
1800.77
1670.96
1478.69
1913.07
1433.24
1933.12
1155.61
1603.95
830.72
1411.52
1237.3
754.95
1530.4
1641.0
1630.64
1726.29
1395.6
1657.76
1472.7
1129.28
1324.93
1222.35
891.1
1754.97
1629.34
1523.09
1350.08
2146.36
1878.74
1730.09
456.03
1123.29
1279.49
2018.28
1552.84
1098.81
1487.36
977.9
1939.39
1675.87
2148.97
1620.83
1449.68
927.91
2126.04
1717.41
529.17
1274.1
872.32
1368.41
1497.06
1523.67
1497.81
1704.37
1430.52
1785.55
1281.04
1083.66
1471.26
1462.29
797.2
1536.03
1485.29
992.63
641.66
901.71
1352.19
1024.69
1605.72
1001.69
1762.74
1727.37
636.59
1525.12
1486.2
1424.76
1436.36
1294.87
1813.85
1527.09
1889.74
2164.12
2019.96
1649.03
1393.21
1093.11
1493.45
1495.41
1736.2
1765.28
571.08
1790.63
1917.19
1737.42
1736.0
1322.33
1383.89
1126.46
1255.89
1732.76
854.1
372.7
852.62
576.1
1290.88
1029.99
981.07
691.46
1066.6
1587.87
1415.58
654.68
1335.28
2043.63
910.8
1796.36
1905.71
1556.24
1685.65
397.37
1478.24
1540.41
1008.64
1330.09
1209.26
1182.27
1988.14
1348.74
1560.82
658.28
2114.88
1262.78
1946.39
1208.75
1432.6
1295.61
1587.14
669.2
1424.09
367.31
1279.06
1709.49
1870.58
328.78
1754.05
915.19
1239.42
955.27
1256.46
1690.33
1418.84
1423.51
1577.14
952.41
677.44
1203.58
1905.77
1857.56
1246.29
2079.67
1852.76
1622.89
959.67
1557.98
1451.97
727.86
1669.49
1084.16
1613.85
1345.41
1480.42
1672.94
1437.71
1435.37
1643.51
1719.47
1615.61
1468.26
1184.43
1610.28
1773.3
1145.23
1613.82
1202.45
899.08
1680.82
1563.07
1937.96
937.65
1020.03
1311.07
1121.62
1840.71
1252.23
1970.82
642.81
1388.42
1519.0
1290.81
1553.56
1743.19
1933.16
1530.74
1140.55
1343.68
1721.55
2041.3
540.64
1920.84
779.85
1080.6
1774.96
929.7
1492.35
591.34
1867.87
1481.93
1982.56
1909.9
1336.59
1668.44
1541.9
1926.11
1645.55
1477.22
890.66
847.66
1656.54
983.57
1676.36
1331.24
1399.42
2277.61
1617.53
1624.58
1563.98
1221.79
1780.02
1795.05
1896.3
601.7
955.69
1092.0
1463.23
1831.52
1717.76
1506.29
1782.29
1674.48
1467.91
1666.29
1822.17
1483.14
1979.68
1002.18
1386.18
867.69
1705.17
1749.51
1699.95
658.03
1264.45
776.0
1204.33
1236.83
1300.19
543.76
1441.48
1356.45
1646.12
1174.34
625.2
1147.44
1618.53
602.21
669.3
1631.93
1745.47
1256.99
1734.53
1640.73
1737.94
1658.78
1598.21
1669.68
1405.68
1838.87
1589.3
1278.16
761.79
1047.48
1167.45
1551.04
573.71
1521.11
1962.69
1727.06
1380.62
1393.72
882.88
1722.8
2153.83
1493.59
1142.08
1812.13
1198.76
1365.97
1515.64
1597.71
1007.98
1222.6
1843.41
1838.24
1865.06
1404.66
1635.13
1834.16
1632.75
1982.47
1722.01
1573.63
1737.1
1356.51
1779.37
1377.44
1629.08
1259.33
1514.36
1535.32
1457.57
879.69
669.58
1772.82
1650.16
1202.06
1115.51
1173.61
1516.54
1293.75
543.5
725.77
1577.62
1684.01
1491.33
1477.67
1904.49
1927.11
2035.6
1197.67
1515.9
1011.29
1224.95
1178.89
1807.59
547.3
1607.0
955.84
1702.44
1894.63
1336.75
1592.96
985.3
1522.99
1748.7
471.57
1374.36
1209.28
1444.7
1333.3
1574.75
744.58
1419.53
1568.98
204.83
688.96
1909.38
1550.92
901.99
1192.33
1855.75
665.51
653.15
1910.65
1699.2
1682.59
1905.18
1938.7
1312.65
1533.12
1310.03
1802.84
1669.02
1605.63
1591.61
1961.99
591.37
1760.93
1298.01
1458.43
1524.6
758.9
1258.22
1547.14
1488.27
778.59
1438.27
1906.27
1342.95
950.26
1526.18
1360.3
1392.64
1903.22
1867.8
559.46
243.62
666.74
1607.61
1731.61
1846.23
1633.09
1598.36
1754.61
1659.72
1625.56
577.76
1725.71
1903.51
1562.05
1769.35
1940.25
1498.71
1983.25
1482.71
1242.91
1489.01
798.4
1426.34
1527.52
1786.4
1240.85
1503.21
231.07
1923.9
1438.04
1423.22
504.21
871.11
1839.86
1584.33
1722.04
945.14
1800.16
1389.17
826.18
1858.56
1269.74
954.66
628.98
1253.89
1948.29
1832.54
1481.1
615.46
1209.7
1151.28
1171.99
1737.48
1340.29
1493.33
1329.65
1508.39
1580.87
1780.42
783.5
1397.13
1845.8
1678.56
408.77
1951.36
1490.44
2174.68
1753.44
776.87
1213.59
646.34
1640.15
1661.59
730.12
1097.74
1733.33
565.36
1148.06
863.44
1615.36
1526.01
2167.88
992.87
1066.55
1201.24
1608.68
1934.58
635.64
1932.75
1287.45
1471.93
693.73
1628.09
1488.17
1899.26
1836.2
725.75
1616.98
1161.49
1900.38
1286.03
1650.58
1673.47
796.49
1178.91
926.28
934.34
1545.46
1451.16
1609.21
1477.37
1348.26
1549.32
1287.96
1369.5
1346.25
2055.49
1010.32
1834.97
1580.78
1633.33
1500.59
1046.67
1470.61
1933.23
1773.82
852.7
1620.1
1491.72
2030.94
1678.16
1774.11
1747.21
1465.03
1507.22
1630.72
1771.76
1206.0
1563.87
789.69
1728.76
1840.46
424.19
1608.75
1834.84
1919.24
1516.13
1459.23
757.28
1131.26
1803.83
1137.56
1796.33
1222.35
665.87
1502.28
1616.83
1428.55
1805.68
1204.54
328.31
940.37
1787.45
2059.03
1703.04
1647.48
2005.16
1358.93
1452.53
1990.24
1600.32
1348.41
1497.48
1445.79
1649.56
1099.33
1538.84
1499.53
1183.29
1047.54
701.56
1910.55
1325.59
1455.19
916.68
1156.66
1469.41
1623.59
1076.37
1337.39
1708.64
882.79
1905.71
910.57
754.05
1733.05
1065.22
1686.1
1870.69
1045.08
1738.75
1816.11
1950.9
712.74
377.03
866.09
1459.27
1761.25
597.73
1791.76
1851.43
1337.96
1601.67
729.58
747.17
1724.72
842.44
151.88
1258.77
1919.08
1641.17
1622.66
1991.71
1695.83
2029.04
1658.07
1427.17
1224.42
1678.54
896.61
1402.72
1489.01
1807.35
1178.96
1636.51
1251.08
1613.82
1603.45
1523.66
1394.34
770.05
1771.89
990.92
1753.42
2129.29
802.11
1931.45
151.56
1986.47
1366.48
1724.8
1775.32
1106.21
1790.53
1997.7
1648.25
1610.53
658.28
1507.72
1697.99
1469.97
1483.97
1735.02
1153.95
1932.98
1486.44
1184.74
243.19
1917.13
430.78
320.14
1205.06
938.01
1746.78
1825.79
1440.09
1835.69
1537.05
1442.42
1578.35
1091.35
789.43
1712.55
1245.97
1484.33
1354.16
1344.52
1681.72
1653.88
1431.71
688.58
1521.26
1563.88
1866.17
1159.97
666.61
1194.1
1235.92
1375.48
971.17
1691.71
1433.06
1671.57
792.13
1716.27
882.34
1994.27
1914.74
1453.81
1338.27
1543.25
866.84
1818.7
1337.32
895.55
1597.56
1039.66
850.21
553.26
891.22
483.3
1840.6
1827.85
1669.87
1382.14
1205.05
405.04
1500.42
1720.21
1174.27
410.2
1653.54
1644.91
567.54
1372.75
725.72
1029.57
1045.87
2045.61
886.84
185.28
1301.61
1911.6
1314.38
1940.93
1855.26
1045.96
1681.98
1908.99
1275.58
931.98
1107.19
1715.77
1321.37
1633.0
945.22
1447.78
2173.04
1664.72
1161.98
1865.5
1944.57
1385.9
1612.3
1536.86
999.42
1828.22
1323.93
1252.39
1532.48
1699.4
1498.61
435.56
1532.78
788.28
1069.1
213.99
1747.85
1790.96
1706.64
1251.25
1296.27
1696.4
1927.85
1634.03
1284.09
1497.29
644.21
1827.91
1964.68
996.67
1803.44
1316.45
1680.62
1824.24
1609.81
664.3
1119.79
1519.98
1797.54
1215.23
1218.24
1545.86
1395.92
1226.19
1816.78
1553.98
1812.31
1548.26
937.08
1704.66
1530.33
1660.77
990.61
1585.28
1080.76
944.51
1478.01
1624.99
1515.8
1431.36
1836.91
1132.14
751.52
982.28
1755.19
1723.31
1687.93
1363.34
1351.32
1340.16
695.88
2061.59
1033.37
1918.97
1238.47
1658.79
565.81
1302.19
1176.64
912.96
432.52
1684.91
1698.76
559.15
1162.56
2122.34
1849.69
1134.63
1889.56
1284.71
1592.48
1650.86
1522.12
2148.37
874.87
631.04
1944.79
1674.75
1336.02
1941.43
2201.59
1514.25
1668.83
1630.73
1368.33
1189.72
1239.17
1282.99
1656.48
1499.62
1978.82
1510.63
1644.11
1567.79
1685.51
1278.27
1794.65
1103.37
1435.06
1429.25
1619.07
2029.79
635.18
1267.76
1416.43
1941.66
1787.08
1188.11
1978.33
1686.34
1651.37
1719.82
944.79
859.1
1850.44
244.39
1823.23
1978.34
1915.42
1745.25
1464.68
1510.47
1516.75
1822.94
228.48
1632.89
1240.51
1194.44
1971.75
1316.87
1268.83
1428.88
1641.54
1577.04
1530.47
1583.55
1382.76
1840.7
825.3
1348.03
1120.54
1161.15
678.78
683.34
892.03
1547.02
641.04
1301.46
874.16
1425.25
1837.86
1940.57
1526.3
1957.73
1508.32
1402.2
1592.71
1843.13
1152.72
634.68
1215.21
1807.89
1611.62
1824.62
1868.56
666.69
509.98
1742.5
1159.7
1807.65
915.17
1837.62
1063.33
1550.08
1137.45
1177.0
1406.38
1482.36
1865.51
1314.06
2020.15
1516.86
1348.35
1679.8
1680.07
1910.76
1767.04
1619.27
871.53
2159.72
1064.02
803.09
1466.28
1281.65
1605.3
854.3
1330.11
1321.56
1658.49
1617.91
1964.98
1133.5
1465.22
1614.98
565.62
1707.67
1555.72
1832.95
1828.21
592.39
591.46
1661.27
1874.77
980.92
1785.37
746.71
1216.39
1382.76
754.96
2149.8
1307.81
1011.9
1714.16
1945.23
1472.36
997.57
860.78
1436.48
1607.7
1786.84
1507.41
1741.13
1583.38
1130.02
1845.6
1645.81
1340.12
1932.64
323.02
1706.05
1321.38
1648.84
633.7
702.14
1946.56
1880.27
1287.11
1130.59
1581.13
1919.25
1676.33
1245.4
1640.43
1661.71
1232.33
1742.58
1636.99
1484.84
1231.1
1296.82
924.33
1762.19
2050.06
1570.44
1889.44
2242.35
1789.66
1443.85
1638.53
729.35
910.76
1541.19
803.26
1500.85
1393.37
1803.07
1144.06
1665.59
1637.46
1610.97
1630.54
1538.24
1841.34
533.42
982.84
699.6
1481.19
758.15
1857.66
1736.32
2137.98
1642.22
1357.78
1130.41
499.31
966.65
1720.96
1507.98
1636.58
1026.9
1032.95
1238.57
1292.86
1624.5
1171.7
1042.07
1428.18
1578.09
1993.15
717.22
1229.88
498.69
918.48
1607.42
1404.93
1815.65
1516.17
1621.51
1521.18
1836.49
1839.73
1018.08
1919.71
1493.23
1571.21
998.1
1521.7
1780.04
427.1
1868.91
1853.65
1060.07
1501.7
992.31
1780.86
1203.55
1446.81
1443.48
1528.18
701.19
1644.63
1615.44
1610.65
872.52
994.04
1873.22
695.29
1763.32
1956.06
836.43
1491.51
1980.52
1415.69
807.31
1808.67
1164.63
1182.69
1374.15
1807.05
1036.89
1344.88
1978.14
1434.46
1113.67
1677.63
1552.76
1401.99
1147.1
1572.92
1245.88
739.01
1227.38
1454.17
397.54
1585.97
562.77
1543.79
1245.06
1693.94
1748.89
1771.29
1448.1
1546.92
400.86
988.16
1640.85
1967.3
1169.66
1624.02
1873.81
1614.54
1484.04
1536.71
1201.09
1590.4
345.79
2260.17
1389.02
1123.35
766.89
697.7
1829.29
1378.12
1443.46
1919.71
1790.76
1284.06
1650.64
1515.1
1078.66
1942.44
1688.81
1618.84
1513.98
1521.28
1942.09
1488.55
1682.5
997.9
886.94
1710.22
1777.3
1396.16
997.77
1961.27
1381.54
1691.56
1625.13
1689.1
1469.22
1191.6
1519.42
1334.33
1897.76
1215.94
1813.82
1719.78
1644.34
2144.8
1347.28
1375.85
1411.38
1569.34
1561.3
881.98
937.33
1645.2
1445.18
1882.07
1635.81
1294.33
838.39
1175.44
954.5
1787.09
1591.91
1287.99
1830.77
1178.88
1748.29
2107.73
1920.6
1615.74
1679.22
1673.19
1193.66
517.76
1660.08
2116.98
1810.36
1896.8
2259.99
1582.38
1819.19
1230.5
928.18
1287.89
1755.24
1585.77
1604.4
1219.21
1649.81
1627.52
985.97
1793.05
1433.09
2000.77
2185.33
1333.42
765.51
1549.08
1830.04
1755.63
1686.43
858.05
1879.43
1830.87
1887.61
1266.7
1596.53
1893.27
330.58
602.75
1302.8
870.38
1380.55
1217.59
1610.84
1088.54
1249.24
1372.34
1144.02
1703.62
1651.38
1392.33
1180.46
1718.73
1586.15
1518.27
889.03
2006.16
1500.88
1503.64
1320.15
1513.81
1753.9
1359.03
1022.3
360.26
830.91
1407.45
910.33
1442.02
1543.29
1587.36
2145.65
1973.73
1737.27
1664.24
1676.33
1457.78
1961.02
1477.26
1566.73
1850.41
1924.97
1571.65
1735.74
1615.14
1578.48
1803.55
959.52
1189.54
1998.25
2022.1
1553.43
982.19
1716.0
1944.68
1518.95
1627.25
1569.59
1970.01
998.74
1706.4
696.77
1279.33
1584.49
706.08
1366.92
1600.78
1916.59
1742.11
1733.38
1147.28
1152.84
1367.83
1908.92
1875.5
1522.99
1738.16
1400.54
949.61
1631.68
1199.45
1318.07
1245.37
1514.87
1863.11
1961.23
1995.4
1503.56
914.04
1872.31
1085.12
1642.44
1346.32
1727.25
1309.61
997.21
1213.16
1567.57
1488.38
1585.87
1084.6
1674.66
1688.57
1699.4
1969.85
1612.82
433.29
1399.31
1139.19
1454.86
2174.13
697.27
1611.11
1899.61
1152.15
1334.61
1778.36
1765.35
1590.44
1624.29
608.6
705.72
1237.07
1510.94
1532.36
1664.86
1552.45
1520.83
1230.4
1564.7
737.35
1656.3
1833.22
1932.88
1926.8
1831.17
1510.81
792.81
847.09
1700.64
952.25
1491.88
1496.92
1603.65
928.88
1622.87
1880.57
776.62
1740.85
1049.82
908.49
1786.06
1346.35
1748.46
1843.33
1546.78
907.96
1473.58
963.94
1467.61
1651.37
1155.08
1614.56
1545.79
965.47
882.04
1545.61
1047.42
1790.6
1227.04
1256.08
1778.42
1503.32
823.25
1205.13
1524.44
789.55
622.19
651.65
503.34
1317.73
1761.44
704.44
1605.26
1526.58
1568.04
1504.53
1709.68
1910.27
826.52
1496.09
2168.83
1603.05
1706.81
1348.39
1324.53
1664.31
1324.43
1293.89
972.76
1617.83
1758.3
1437.91
1228.98
1593.25
807.29
1031.04
943.01
1648.12
1046.91
1425.25
842.2
882.21
1462.06
841.65
843.58
420.3
1865.5
960.44
912.51
1874.08
781.43
1959.0
1339.95
1594.88
1850.37
1353.42
823.01
1948.86
1896.7
1792.56
631.39
1227.86
855.5
1590.24
603.85
1525.19
1597.47
1482.98
1900.71
1092.45
1071.92
1710.11
1561.24
1926.68
1944.61
1476.2
1658.97
1467.69
695.68
1614.81
1082.04
1755.84
1000.66
297.6
862.35
1115.12
1701.13
1866.98
960.68
1439.3
1310.92
900.83
1409.62
1657.08
1404.96
1606.11
1875.89
722.71
1585.12
846.86
1802.64
989.93
1174.37
1139.05
2020.4
1334.06
1303.91
1976.58
1650.94
1220.5
1948.67
1549.61
1519.41
1996.77
1800.91
990.3
1520.61
1487.68
1682.31
1265.63
1817.63
1110.52
1588.81
1561.93
1798.91
1784.87
2153.84
2072.94
747.77
1493.61
1974.54
1614.76
806.11
782.26
1165.95
2121.04
1341.59
1451.99
1739.15
743.33
1628.37
1599.34
1757.86
511.95
1075.93
1680.17
1723.3
966.54
1144.4
1988.85
1747.73
1690.93
1619.33
1174.11
517.49
1907.33
1415.99
1262.98
2194.63
1422.07
1752.25
1168.5
1685.65
1732.35
1873.41
1786.13
975.97
1755.3
1305.55
1528.59
1908.34
1371.18
1737.37
1269.48
1735.59
882.1
777.2
1227.22
1134.92
1606.89
1176.12
1879.53
1326.42
1452.46
1500.34
1398.94
1493.97
1176.79
1933.36
1877.6
1274.25
903.83
1125.57
1487.71
2193.33
960.76
1799.9
1460.94
2147.04
1484.77
1958.16
665.41
1617.35
1400.41
1029.31
1492.08
1057.86
1126.67
1597.01
1215.03
1729.75
1471.2
1245.9
1679.7
1472.84
1538.19
1373.05
2233.81
1525.09
1444.67
1144.55
1139.31
1794.49
1632.61
1587.36
807.26
1449.35
1859.05
1655.34
1848.02
2009.74
844.54
1575.98
1754.9
1580.56
974.35
1802.42
637.87
1518.9
1602.86
1469.74
1267.51
791.24
1166.83
1720.1
1059.43
1581.09
1759.24
1534.93
1757.31
1291.24
1891.64
1612.59
1644.05
1822.41
406.32
1308.3
1094.72
1837.67
1802.16
458.38
1092.27
1326.81
1644.6
1967.84
1404.42
1863.26
1847.78
1034.24
1565.55
1894.99
1601.97
1261.81
1331.39
1138.54
1891.37
1437.49
1214.63
1419.66
1772.64
1377.63
722.52
1350.62
1879.1
932.39
1296.15
1611.91
1294.64
1487.48
935.34
740.45
1689.23
1664.39
1344.58
1097.68
1907.52
1511.18
1919.26
556.53
1542.5
771.73
1196.67
1428.23
878.48
1045.59
1343.35
816.65
1815.27
1353.01
1315.63
1921.63
1337.72
1488.42
1610.74
1323.35
1402.61
1302.66
1221.36
1676.53
887.48
699.91
994.26
567.84
2112.48
1725.78
1346.03
1333.17
535.58
1131.19
1385.08
1408.73
1248.46
2230.66
1302.53
1371.93
1568.51
1801.96
1722.83
1756.29
1713.05
1461.29
1658.36
1909.91
1536.61
1578.79
1592.43
824.83
1767.52
1277.75
1139.31
1850.07
1979.15
1955.58
1298.85
1658.95
881.9
877.25
1983.12
1345.09
1657.29
441.5
1432.72
1829.5
845.48
1616.87
1701.77
1882.38
238.52
1303.76
2114.33
1914.51
724.03
1330.67
1584.42
1856.53
1690.8
1970.22
1387.26
1431.0
792.22
1474.11
1022.09
848.08
1375.09
239.73
1952.37
654.22
732.99
1627.5
1342.47
2116.84
1211.14
1973.77
1991.2
935.16
1904.78
1477.58
2023.21
810.05
725.33
1617.14
1712.63
1605.23
647.6
1677.84
2190.83
1159.67
1182.02
681.42
1777.32
1699.41
1705.46
2118.55
1626.62
1552.37
515.01
1164.25
1771.04
1985.48
1622.58
1850.76
808.75
1599.21
1422.11
1972.31
1333.46
1365.63
1617.66
1575.13
762.01
1908.58
1321.78
1516.85
1915.33
1333.86
1356.25
1485.35
1925.08
748.37
875.87
1967.21
1827.05
580.52
1574.56
1475.27
1516.2
1846.01
1796.83
1055.79
896.82
1761.62
1529.64
1611.45
798.36
1476.27
1172.05
1505.62
1356.25
1576.36
1906.72
1667.07
853.33
1629.57
1615.62
1243.89
1352.4
1804.59
1774.92
1643.1
1792.06
1232.83
1911.39
1525.89
1862.26
1775.95
1332.52
1333.56
1561.86
1251.99
1697.0
1701.96
1863.58
1499.16
1652.59
1927.7
637.61
1345.9
677.69
1719.73
1520.82
1672.59
1435.99
745.91
1384.39
1265.41
1471.06
1333.05
1796.98
1930.23
1262.0
1950.5
753.54
1610.89
927.96
1614.07
1214.44
1184.01
1612.73
1348.1
1262.45
636.12
1459.76
1450.37
1488.64
1807.7
1694.89
1494.11
1739.62
1750.21
1504.27
1551.63
1342.59
1199.53
1470.91
1936.47
1065.77
1020.21
1954.51
774.98
1774.88
1629.35
1499.53
1406.62
1719.76
1192.42
1892.67
1812.45
842.26
1767.12
1202.64
786.26
1394.07
960.38
1789.63
1851.82
1531.81
1478.0
1637.83
279.58
1642.54
1167.96
1310.61
1703.57
1040.97
793.3
1708.47
975.86
1345.44
1743.36
934.62
1512.07
645.17
813.6
1483.54
2051.65
1113.68
1610.11
1428.23
1130.51
1931.65
1695.53
1601.38
1615.71
1458.75
1402.89
780.03
1772.05
1876.56
747.37
850.22
914.42
1707.69
1798.26
1204.89
1935.24
1265.19
1135.22
1886.62
1321.06
1937.86
856.96
1358.97
1562.62
908.87
1840.26
1296.33
1160.83
1761.45
1262.71
993.5
1820.44
1986.98
1512.35
1725.62
1266.3
1193.89
1339.69
1688.26
1296.71
1923.55
1680.42
1424.27
1226.64
816.19
1762.38
1576.7
1038.52
1442.14
1902.15
2245.37
722.82
1775.91
1681.52
818.6
290.0
1494.45
1322.5
1353.95
1085.76
780.82
1606.0
1724.06
1407.9
1670.2
1498.66
1431.24
987.34
1621.25
1066.06
1237.52
1315.53
1125.05
1156.27
655.86
938.69
1821.67
2102.41
1740.01
1875.33
1212.9
1636.08
1677.86
1068.2
1290.48
1942.24
1268.93
1712.22
1702.85
1935.26
1573.33
1369.54
1446.44
1961.63
977.35
873.53
1447.15
1583.46
976.24
1049.65
1097.94
1223.04
1797.29
1483.34
1368.67
1799.35
1590.36
1598.66
287.69
395.19
1947.67
1740.41
998.09
1850.21
910.4
992.49
710.62
1621.23
1213.0
2076.19
813.68
1507.81
1475.25
688.24
2045.63
1066.89
618.13
1501.03
1787.87
1664.95
1322.1
1913.46
1464.39
662.28
1846.76
2096.26
1296.15
2142.05
1146.17
2184.67
1077.79
1700.77
1000.85
1458.84
897.98
1160.84
1197.9
1500.6
1294.69
1589.99
771.73
798.18
1546.39
1197.16
1924.55
1893.68
1605.92
714.94
1302.11
1063.75
793.75
1625.8
855.95
1444.88
1323.39
1471.86
1507.79
1691.97
967.24
920.72
1798.31
1364.7
2018.51
759.86
841.5
1850.64
953.0
1330.19
1671.78
1543.1
1195.4
211.05
1826.14
1309.85
2027.6
1292.49
1560.72
1347.91
1897.15
1756.91
1671.59
1613.52
1379.48
788.22
1882.7
1482.19
1505.96
1591.62
1811.26
1449.07
1364.61
1919.44
1774.09
1001.34
1756.7
1304.96
951.52
827.21
1206.96
1920.8
1101.4
823.02
1602.53
857.2
1580.93
1311.63
1217.26
1527.67
1507.77
1603.71
1169.91
1737.5
1358.1
1180.8
919.14
1438.01
1521.49
1563.76
787.16
1319.26
805.93
1790.75
1253.41
1592.36
1008.68
2155.36
1819.43
1291.23
2036.66
1225.92
1740.14
1528.31
1211.33
1339.7
1553.76
1391.79
679.65
1571.89
1405.52
903.75
2106.16
1289.66
1847.69
1075.55
1425.64
1131.46
1880.79
1530.1
1877.17
1582.25
1666.06
1831.25
1058.78
1661.32
872.08
1424.31
1117.78
1274.16
1078.68
1997.4
1860.66
1564.79
1202.3
1104.6
1496.99
2226.23
1811.31
617.15
1217.49
1137.44
1563.97
1490.45
1357.3
1603.38
1452.34
205.96
1557.78
1769.66
1346.74
1671.65
1092.27
1919.99
1817.58
1014.0
550.76
2229.86
1208.31
1823.91
1741.43
1377.52
1941.03
1257.17
1641.9
1793.2
623.71
1366.81
255.49
1797.77
863.3
945.64
1739.74
1866.08
936.69
1510.62
1599.94
1937.97
1754.0
230.34
1622.74
1132.54
1889.11
1267.35
1943.12
2031.25
1959.13
1464.28
1984.51
1204.78
1440.15
635.19
1793.36
1525.21
947.94
1105.93
1775.3
1123.77
1752.53
314.67
1711.38
1678.22
1211.18
1115.05
730.18
1525.26
1222.71
1131.58
1264.94
1125.16
1566.25
1575.32
1147.23
1325.18
1623.92
1385.55
1565.15
1326.51
1796.48
1657.38
1121.08
1222.92
878.4
1643.77
847.85
666.4
1324.11
798.17
1761.55
1327.77
763.68
1895.98
1052.41
1794.01
1287.37
1194.62
1356.18
725.58
1306.68
1297.13
1349.78
1804.31
816.12
1303.88
1443.01
1716.09
638.07
1429.61
1401.92
931.92
1991.18
1836.25
1025.09
1410.62
1297.96
1616.7
1590.39
1374.45
967.46
772.91
2095.33
1280.03
2101.14
1142.88
836.83
1960.45
1349.45
1556.79
1238.0
1259.71
1525.84
1330.38
1275.66
839.35
1307.7
1311.96
1318.73
1483.17
812.48
1283.37
984.17
1345.55
1333.2
1714.63
1954.62
1606.06
1177.15
1942.11
956.76
1591.33
1216.81
1693.46
1198.23
1205.02
1608.93
1627.58
1759.9
764.08
1262.55
2155.23
1704.83
1653.0
1261.23
1975.34
1781.9
2039.35
1593.6
1557.63
1632.8
1871.29
1443.02
1171.01
1339.55
1478.12
1356.04
676.01
1134.82
1851.37
1234.63
1548.08
1954.03
1816.94
1556.73
910.69
1562.98
1822.97
387.74
1481.57
1411.07
1597.93
1662.02
1117.12
1328.35
747.78
538.46
1278.44
1913.05
2024.02
1920.78
1788.21
1341.07
1809.66
1696.09
1861.02
940.52
1788.7
618.61
959.06
1190.21
1491.74
1042.89
1622.01
1214.86
1643.85
1621.89
2035.16
1448.59
1440.33
1661.76
1334.75
1590.05
1855.31
1667.53
1074.35
1283.44
1777.74
1041.43
1353.19
898.13
911.33
1548.43
1763.13
1025.68
843.76
1165.98
1753.24
1448.41
1353.82
936.28
1798.72
1587.31
1586.36
1675.04
1580.21
1081.18
772.87
1258.32
978.31
930.54
1766.93
1951.95
1331.48
1973.07
946.98
1216.34
1082.8
925.0
1033.28
1178.93
1558.57
1518.36
950.12
1573.3
1791.17
1499.79
1215.74
1675.04
1586.42
1986.21
1265.93
839.38
1377.13
1659.77
1300.66
1239.19
1654.39
1187.39
519.26
1699.67
1618.38
835.67
1217.21
1188.34
898.49
1599.25
1603.97
797.99
1087.51
1712.95
1625.72
1720.37
1840.97
1463.35
1424.14
1748.48
1613.07
1659.73
1887.93
1831.9
1595.21
1725.58
1194.23
1460.71
1254.67
1224.61
1749.06
1368.03
1129.06
1596.46
701.49
1966.02
1269.43
976.66
923.17
1914.97
1435.89
1508.38
1647.92
1433.58
1600.75
721.23
1434.42
958.69
1493.92
1704.89
1048.89
1476.35
1505.57
1118.29
1323.97
862.81
1521.66
1815.6
965.53
1299.57
633.76
1564.85
514.22
838.53
889.82
1440.66
1549.81
1990.52
2132.32
1418.82
1899.19
669.69
990.51
1858.36
1644.02
1290.81
1393.04
1532.18
1192.64
1944.93
1665.98
1075.99
2197.9
2131.1
2052.76
1664.39
1566.01
801.86
1596.53
1233.12
1532.35
1520.19
1021.23
522.73
1917.86
1319.99
838.55
1474.51
1620.22
1226.9
1588.09
1886.19
1059.85
783.73
1204.01
1699.43
657.78
638.25
560.73
1844.12
1670.98
1367.61
1836.19
1250.4
2017.38
1592.08
1328.3
1615.87
1945.07
1549.25
1303.21
1568.82
924.2
721.0
1523.26
1553.59
1553.28
1572.43
861.02
1821.28
1856.79
1544.62
1939.43
1545.79
1743.98
1447.2
2161.16
1754.7
1239.04
816.75
757.73
1746.74
986.86
1625.85
1733.46
1496.65
1218.07
1420.18
1319.08
1481.17
813.87
1218.73
1845.02
794.09
1647.37
1008.02
1637.86
1471.52
1166.6
804.63
1516.91
1411.11
1503.94
1499.23
1222.87
1666.06
1209.92
1570.7
1486.91
1924.49
978.16
1772.01
1710.36
1569.67
529.88
627.87
1779.17
1140.27
920.71
1578.97
943.65
1652.02
1822.98
1479.79
1809.6
1544.65
1555.51
1877.6
1834.87
1259.18
1521.16
1509.3
1500.4
1208.09
1206.17
1528.86
1317.24
1215.82
1652.32
1683.22
1207.77
1464.72
1715.18
680.45
621.06
1727.11
1434.13
1485.06
1744.01
1618.9
1230.95
1079.17
1632.64
1398.5
990.27
1869.39
1476.32
1834.4
1490.17
1575.23
1032.5
1468.31
1709.11
1727.02
2172.56
1089.13
617.98
1266.13
1403.85
902.1
698.67
1803.37
1143.59
1844.74
1209.39
1803.83
1853.83
1694.18
961.48
1509.25
1678.99
1001.49
726.76
652.43
1225.78
1814.91
1626.79
644.68
1286.47
1456.07
1670.73
1556.23
1978.64
1928.07
1898.44
1507.96
1985.07
1000.91
1071.23
402.28
1741.24
1510.87
1326.72
1538.85
1388.23
2196.54
1845.09
1784.6
1327.24
1448.19
1443.84
1585.95
2005.13
1933.95
1363.92
772.55
1592.21
1293.34
1342.61
1423.26
1574.95
1819.87
1125.24
982.82
1290.48
369.63
1569.99
1582.98
1495.01
1522.5
1121.71
1221.74
1311.39
1049.19
506.05
1563.1
791.23
1636.08
959.26
1900.93
960.81
1948.73
1790.58
1719.26
1598.2
1960.62
1316.19
1925.64
578.99
1111.15
2202.65
1047.68
1247.06
1513.85
1540.89
466.9
1463.06
1467.37
1368.08
1867.35
1870.0
326.19
1527.3
521.62
1597.03
1434.9
1618.01
1427.1
1723.5
2018.31
522.93
150.1
1281.91
1119.54
1165.1
1364.67
939.02
1781.95
895.75
1816.62
1533.18
736.86
893.23
1236.64
1721.91
1738.91
806.85
1648.03
1621.87
1256.45
617.51
795.63
1536.26
1251.9
1049.81
1479.82
877.15
1621.24
641.39
1235.35
1761.31
1582.35
1978.95
1693.71
1555.78
933.4
1748.0
770.95
1629.04
1179.01
1635.85
1339.77
1297.59
1476.83
1557.86
1587.79
1473.27
1891.38
1753.76
1894.19
819.58
1818.54
1351.21
1465.89
1934.64
1617.08
1769.43
907.86
1183.78
1073.05
1855.35
1408.31
1878.63
1613.61
771.86
1530.89
1666.3
1735.18
1078.1
1022.87
849.08
1545.02
2170.4
998.17
1765.55
1613.09
1275.36
656.66
1778.2
884.58
1420.22
577.58
1127.07
1190.5
1281.46
1919.61
2069.31
919.64
1473.93
840.18
667.23
1333.43
1225.7
718.56
1584.9
1808.94
1220.64
1507.1
1151.99
1274.45
1569.84
1521.0
1215.19
1246.18
1386.98
462.53
596.92
1580.71
1184.31
1229.12
1186.97
1313.64
894.37
860.26
1820.1
771.96
1151.94
1541.24
1607.67
1637.33
1181.84
1573.34
1691.7
1595.3
1471.24
1911.46
1337.67
1613.46
1799.23
1052.38
1752.15
1550.85
1514.46
1448.08
1348.57
1721.19
1340.74
1818.89
1926.5
1947.95
1841.77
1649.68
1189.16
1577.09
1763.7
1330.53
1183.4
1109.48
1622.82
1917.28
1797.31
1970.48
1377.76
1111.31
1441.84
1466.69
1493.0
1741.82
647.67
1410.75
331.66
1473.38
2008.56
1594.48
1596.86
977.92
979.96
1687.93
1298.48
1305.78
1486.18
1245.62
1928.37
1664.77
680.46
1229.71
1767.77
1303.74
1261.57
1516.12
1551.23
1135.31
714.23
501.29
1793.02
930.47
1734.72
1858.51
1569.09
1564.23
2016.64
869.92
1359.3
1483.89
1368.26
1270.76
705.81
1819.13
1618.22
1470.36
437.48
1221.38
1373.96
1548.39
1212.72
1959.06
898.94
776.46
1425.98
1303.02
1803.94
841.4
1033.21
1832.7
2125.34
1827.91
1354.76
1123.38
629.87
1625.79
1474.42
1680.85
383.77
1777.71
1679.17
1669.63
1579.97
1800.98
963.17
736.41
1791.37
1678.93
1630.66
1337.74
1003.34
1470.02
1065.88
872.1
1987.19
988.02
1374.16
1300.46
1077.97
1199.9
1629.45
1930.93
1365.34
543.7
1527.08
1068.2
1600.11
1532.55
1229.47
1775.36
1529.19
1655.13
1855.71
1582.09
1026.9
1441.98
2186.06
1236.37
1499.75
1544.15
1016.09
1317.65
1482.64
1091.42
1624.83
770.18
1403.08
1030.0
1230.4
1578.12
723.78
1417.39
1963.46
783.15
2194.78
960.42
1261.2
972.84
1650.24
1771.93
1328.98
1497.97
1297.3
953.79
810.9
1832.81
1227.29
1866.05
1678.24
1712.08
994.81
1565.57
1459.12
1825.88
1123.22
1341.9
1735.2
743.61
1659.32
1883.09
1823.25
1790.48
1824.61
1123.82
1746.79
272.94
1443.54
1168.01
1359.58
798.42
2121.1
1302.97
1407.25
923.08
1950.56
977.56
166.23
715.25
947.42
1902.76
2027.68
1767.09
1621.08
1927.49
1254.2
1646.41
998.5
1277.43
1508.58
886.6
802.89
1705.36
1191.98
761.65
1420.75
1722.26
1494.61
1670.54
1961.52
1332.17
1928.09
1635.05
1522.19
1686.38
1288.68
1251.37
864.45
1022.63
636.26
1624.1
1619.03
1715.08
1511.48
1225.84
1305.29
1318.16
611.78
1782.05
1702.29
1423.14
1814.55
1607.78
1411.72
2113.97
819.21
1369.35
749.66
1641.4
1433.17
980.66
1249.01
1815.62
1920.68
1609.06
1366.07
694.42
2032.55
976.45
1403.28
1306.32
1231.24
1516.7
1321.9
1485.06
1138.21
890.93
1956.05
1594.44
728.27
1824.76
1412.17
1529.04
580.55
1631.92
1483.74
493.48
1225.19
1429.93
314.86
1235.1
1201.61
1446.33
1692.3
1476.9
1492.92
1743.59
2139.34
521.92
1605.54
657.66
1616.37
1334.42
1190.89
1925.96
1542.91
1640.94
1479.13
1255.49
1855.47
1071.24
1759.18
1392.98
1361.53
1225.3
1728.5
443.02
1028.69
974.35
942.0
1778.18
770.38
1081.62
1860.03
1500.13
1279.86
316.88
1318.96
1124.15
970.73
1149.96
804.16
1638.14
1690.2
1878.86
1436.93
1688.74
815.98
1624.0
1363.35
1643.58
1494.07
2204.68
1259.36
1442.51
1400.75
1403.9
2108.43
1827.89
1503.43
1075.43
1763.45
784.05
1479.36
867.94
1836.63
1475.3
1191.97
1596.12
1576.25
2112.4
1630.19
146.28
1571.96
1744.63
1351.5
907.71
1353.13
1535.16
953.16
959.63
1926.13
1675.18
1555.58
2028.23
1914.92
1500.34
1312.62
1613.07
1618.2
1385.86
491.74
1625.64
1798.72
1155.76
1110.86
1661.55
667.58
539.86
675.76
1785.75
1266.33
